$ANSIBLE_VAULT;1.1;AES256
62333564626136393336633266313734326466303866303664353432666162653131633764646138
3261346136326134643066393539336537633265323231360a346565396634313464323330663436
39313366313438663266646166333762313235306336363439323066663039356462353336346239
6330613864396634650a383861343235336162363230393634643738383138373235333866373737
66393231343130336238333031376434383764333638626431633264363366336237636330366339
37663761653032376566666263356638366530666361353331333934646239613535653630386634
61653764323237356166353865346438646534343532356464343438656639616133383735613532
64613736616131666630393165623636643537356263393933616331336431343966323639383961
63343439626662386633393639303563663564653665636465353265393538383538353730653134
64363535396230353863353434636539353066346266613862646162376338343163303433363430
66623365366164616164353137636439613961633965353233643761393464323331326461373462
36303733373533326336323566363738643239646138353165333933336637366365383364663834
33303130643734616362356237663035386632616133643337643331663035306432666261393637
34323339306430343635306539353439316165646263633138646337343263363930626233363062
38643061343438653339666330346362353639363433333163386666656136353437656231393133
61353833356366353230643831643638666233343461623062333332353361393161376438653537
32373963363330656533316137613030393032653465636463343961313133336561643566613734
30393165633663636362383735306263643036393763613661326638383733306262323666393833
36623638623831636632636634613366636636616333346638383931353434323464636262623237
31613236343861323664663764393965326565633634333362326564363139383737643163336332
30616661626666383464306463656633393838353237366263393766306337313361633062616439
36303065636530633365663534663461326537396465623134366230633535343938636164613163
38366463386566323236383832376164363163306333316132313331666539306632313666366234
36366265633563323763336164343231373963363861383236613565393736353338303066373439
63363334663363336230393035353862313836326330666362393761633863316131663466666131
36353730616661636535653234373664303531303538633665363539303339333239316534633231
64366564623366623937306639613933623632633564323939326166393836363731663166383434
30386161346630306238626564373666396435656438623063363666626634653130383339386532
62313264386263386165363666356665623237646465363333353161316336336237643138383437
39306435316230346361303165326262636631306133396539326164303233323139626433626166
39363131363730373737303964643732333436663665363631633666363433326237353132313137
32396434616139623066393737353136653364616166613432313137383230303834303464393935
30313362643330346133326166373634623337626363343137303962333737383037323530663264
33656332646539303064376634623536316664303861613136653433393432626264303163626131
36653233653661323665326433336633326432313635353564626336343638643361343534336238
36363438616532366162626264646633646466306131643961313265643037333734656130353833
65336236363733316664376637653364636163376531613237626236616131613131316464626334
33363536623735326330653262336239303031313364383166366363346336316131663061623163
62366138313731663637366431616633353134636662363237383862306537646466366265323631
31343765663431393333336330326539303562343564316232653466383935353131663833303235
64316433653061376461373564373738356239323734356130333438346137653565
