$ANSIBLE_VAULT;1.1;AES256
36663731363562323535323030356136646639303262333933636630376634306139323234333833
6534326464323932373865643231333263336331356161620a396331663936623336373534326564
65633934396338386236346636353836393435363966306339353866386130373361613833633632
6538366666323332360a353137316432316139656262313163653763343030396161666565643336
63303036653136393664383333383165663032386562306535343531303361346530636430636165
62383630306130616630643264643164353836313837393562353635353533363466343937393139
65383031373037613363336330303037376233653738626535326561333263306639333831383962
35366336663232316464623035386634333662356164396562366435373064363032343365643934
66396439666666653534376132646533646266343163386338336664383362313764333531616336
35373536323362313037336634373034663965343933623665363763613333316533396431366262
61633833653937363334663539363531393837373937306537663435646235623065386335626432
64396436626163326666393937653237313330643938656535343166663435363535386333353130
34333539343932323935626663343534663166323564346364396436343034363230363238623931
62336531663165393935636161643863623337326161343763336366636632343139323530363135
33396431613664316539346431396636353663613036333630653565323464653566663764323665
34313664623933333864613061663433373163326630303839626232346663376339646139663164
33383932623364656264653339653264336636626136623238333266653637336332653835353238
31386331353531343038303237356565393234643065666366613061636134626136366163356635
35333338346132393031333366653564653633303630623164363961613063393466386163303934
31313336376262346563316635633133666265363831623763666135346265336436306337346435
33646232353962656364373939376132636634653835316435356632626462623264323234346261
65653861383731633961366232313035306135313962623166623439373236643036313065383465
66343438353231656431363737373138353237643635393834383932383261343035393236616665
36376565646439656138646334623630373436353132306336643264313163336666646334646666
63316464666637383238376466356237636163613731316431626333663638386364636338343332
64323036336261306265636132363062653530626562653565363933336564323763363466316437
34303232336331376435323364653061373065363661386465663037393666343365633638356561
61306263316339336638343364383932643538323132633661623836383738353066343964383638
33653437353935376638343032633239386438336132333861616234666363366261636265616233
31626266356338356332373061626562383465613836633133616436383530653937616130653262
32653133393765626337636631336335343363653837363532363035383430346632353930613931
61313233376239666132653532313263363261626331663836643433643631633131636432343061
63356234613933626334636566346565643364386135653738626234336435376536323565663734
39633638623232353532376632663233346461363532653237366262656533353133333436663465
33313065636434373864343637383739643864643864356631323664616637666337393636666231
65386431393365646365336637323736643861396631653338653434646639643466383566336131
33383462633264373238396166633962313931656365323135376337303836333234373131666466
38656263373561313133616636663162303032656235323162396366386336313936303064653763
31356137663939636362386330653965616662643865306339626261616336333931303030363432
65326531353561383334646238333337383134383730336538336534643264663834313138326434
30366134346362613531656130313633356332656535656462613039326534633930643230636239
38666565326462313735363537616136666663316130343431363832656531613136356232336639
39363035343765313566623136396361333131306266306361613263633533366435376164636461
33313962343133323434663964666237396436613962616164343238316366313637323133333563
66643332323433663433636438336234303733633939626230326531666335313965646234323034
61386234343230653662346333616636663437316232363162653335333030303136333638373036
37363961643234393031366235326239393065306263353430373739383865346562663938326563
65336636323365313364303638393132303338626565353533323537666632636633663832643662
61363331643436636436326130396463386665636632363963316262366336633965653537623031
63653562656232393931393835313230613635343261363234653436333536393730383434346262
61346330613161366365626465613330366230643161373661393939373333363135343735613532
62363933613461326530636665613132316162656137646530623863626438366365353566336139
66313738323765383039303931333032333465613237343633353839646138336162363137303562
63316137333661336537306662636661616636336462343239343532363536316135626163306630
63306661303331396566376230376564663064616266373361336665316135303032333037323237
62393530643638663362303338393130343233346137653636623962346136366234393831393464
35656236383065356663626238653931376466333863353839336236393131663464376634366535
31663563306230333535646562393434383661643031333032343864633434363662633230626235
32333734366432326339316435313432373863636231376632353635666530623938626364333562
62623132383564363537353163633233343633616632316130373039303433363961313931653838
61373730306530303065663336623766633932386633396261653434376130353239383164623439
66363062363862643135343131313764626632633232303064616166383332376333643638643664
30663162663032386466303265336131343364363731383463316166383734356361386365383963
39653865616639396563663539623265363435383931346336616266663137616630333037343737
62306633393631666138643463383365353662616430613237363237666266313966626531663436
62336136383065333632373162313261363364326631346436356464643266303933303561643764
30333365366363323833363132383339653964326631626264333834626166393231623836313739
61333266383066306365393535376534633338626165373134366366313733373134326330383438
30316435633262393938353930383431346337623864393261613431366635386231316338623634
36633035353934366565633233616637323335333636623562353831623735363965396134303262
30343864653264623834653736373132396533653533633962326364616563313334343834646332
64326438376332636136616265306532653662393334643663343538653265356531373264363162
39636362353762656466623237363364383166633531643937633665643737393262643937376366
65653637663838373338616366383639613839663963333432633165663864643034343536313063
33663764626434636666363736383764663063303863626461323535363766636437373639663662
61363535323537313665343831393339626136383737613361633366666563343565616366333964
38626230383162643135396332333032373536383731643638626362613362393065393636386263
35393537323363323636333033373438663630626433643834383335393437336664376231356265
36393935663862333831646239643430363262643530653439376138653532353233646366636137
39316334323439653366323932343863306566636339643137393764653539616635353963366530
31366135356133653539396434393832353962666335656164646333626562303162356331643763
34353164363932613831373330666330303730353230343863303732613336663034613530383965
39616334663166353139366237663635626463623232313763383337616436303461333961663037
61326430643464373866626632396666646331316630616539666234653333666365386133616232
32376538333564363731626236313430353366323835636334623037346361313233353161666365
30383161363164343139646637306338326466653230396538303565313036613766356162383633
62366530356534656633656464663464663133393266396631643165653031303866306535376439
32393564313939623866343061313965646132363765323139656130323263643732316335336264
30626262643733333563383432356562346433663132366661323530396636613731356235613765
30313837633438316536343466626231386432366161633238623238626339636531346165613363
30623166383465346163613630303839363739656638333932626337346532616531303565313865
31343837373365353138653239353236616437613433323036336337396266333966626131643365
65386132343661316265316462356436373633353566393633386661626235343763376138386232
66613863303033636236326533653137653532303536323866623164386534633761376631396362
35353065373665303030363032333862333963396166656365656632356236333561303731616436
61346331363465663562373761393432313433346437316165646363636436306264376262636261
38653939313266653133326637353638353133633538666639383365396265326537373135313864
62653731323632373937333332316531643264356632346662333662616532303763646462636263
31663534316330363164613537666238363834656463333038323664646335306166663136373834
37623061626335386561626536303332396631663938633262353864356132636165646534663237
61666666396564346562656466623037656165353734643535303566393232626237303563616337
34613466373361616331633964643066666537633862636136633438343039646430336239323031
64326566666430646535353535393235336537643733393031356561323435653631396663643632
37653239376661323462386131356233393731646162636230613837396665316333326634646433
37636530613064643862323633643932363134336264623661623161656132326462316630326661
64633763393436356264393365343435663164646339633636656135343735376334613365303337
61323465636537323231613734656532353265373934623164396534386262613431613463376462
34643439346637636564383633363764383530386561636433393962653931363830663761393639
30643237346230386332633130353136343737366634653166326438346139303333346235386538
32373638383465343330643233663635616563626166343764386666326465383135663035313331
31666636373162613133323463343435656530643730323730663839653438633366663839623330
30666136643064386432363862356530643366363339636536643963346262383163653631643565
39383566386635613830663231393266343939363362666631366531366135663736346335613861
31336636326366386265353736326364326138353630656233353536383666386639643436646161
37656661663732303335373036336363326633346337636531323764376137333034653130373633
61643562393866346265393161613939613434663630616436643331386164383065636436396231
36386561306563663265613534613532306266633932616336343061346162646230643139383834
65353763633339393563303332336234653031353962326134626438353536366631336565376539
30333962666237663266653439323634623963653530366263303461396536393236613337383339
32663665643731306166346134303833353863343563316463633465383737616664356334666437
62383038336561343634623764323466373662376132363837633230313563393436636137373630
64386230663766373832653865373831636563346334663864323339353734393165336164653338
36613337393862353534393963383265306433393639326439356164656261353139343337356261
36643666363861323661623930353266326339346633393966633264333632633365326433313039
30616430326339376164353130386265373338353435386132663832666461333533383935303265
64653439356463623062346634346431366335396338386535623939383234343836626531303563
65383735333164393836336336643864623031653364623864366238383036323333646633336335
35333836663864323365303534653861636230646631313564313865303339666531663161303863
36393533303833383164383062616434633466313638383831393663343461653737376162663933
65366362643864373662393735663461363230356165663737656633613461316135623161656238
35663138396436613166313733353636646163663037363735643138323739623265373930363565
39356566613265343031653432663536396231333934336635343636313366373036346630383964
61383363323531343866623766353830303564353761386361653032306531326130616336303132
34333631633462363131343731636333623235376136643434643034633738643762356632376538
30366663393033393639613130666664343137353539393833633361373235366230646336643331
62376662393163363364653962353862316365616332646338616262653663646337306133316332
61626361636361386233333532396232623765343037303732313566623931383863663737633962
39316530373038663730663039393336373663626561363939663962616439353732316536656435
64663664363932653633663365626138613339383939376561333534313936353364396163643530
65663532613132373235643833646266623936646563333332363262363336313164336631306534
35356265336230333334636237336532663162353362333433383639326461613964333933646563
31613436366337336536653464613334333137383831643130613733633337346436326332333334
36666362366461313865623530316436316564613235666231323131646332653838386538666666
65663331346139633139313964333061383164303066643738356261383864373631356430333961
63326538663264373637643930373562663963303735626665343265376465616331383835636137
38363634356436623237386532613633393333636636323532303538333765656665376236316565
35373737653063663563316564613766306535353433646565623131656665333066643532366439
38643263626632653865313564313134646531666464393639656430353339626236666539333732
30636533363434306664643230313566303636646364383731336435386435376436383437386534
37643065373031653866366531383930363436333362396337663730336163303035323365656237
62313761333665313966326234656235643839346633393464626632383534623631333061336339
37613339643531343665656431613639336361363533393038633466363835356336363536613139
66356462336634386539646236633538656263643534393932353565383335313063646333306239
36623834616162636564336363643833316130636362646432356566363032303235613163333433
65333133323962623634343031633266396434646361653730353132363262343565336262643330
35326666353463653339336565343538666433623036333539616537633031643034326464353539
31666133386531383030343430333035613532336132386136643962616334623633393563333835
35613337663138663731653836363762396566626662333661616430616533346235333063373661
64353134653530313865313833623163666138306361303635633566366365663463353564616666
34363530343131343866633465396537386539323530636131343565383536396533363462353261
35643132343361333066643937633833663164633063306463316634366164646134626332653934
65306438396133376136316564616561383061636633613030386235386164316166336136346665
32643764363865393639376366376330383164643732333462663163366131326662343935383365
32623136626336333537633461373930336232623933646437663065623163326231666535653564
36333864303333383030303766633630333431343534353731663634623634386230623432323765
35393861646538656165373361316563646462356635383734646362373866306539346535326536
64633032333262336131616230353831646339656534356330326135376137636565363062653666
61383361356562306464366661633366356337316631356566353163323731393431303436333934
66333035323261663039636237373932373836656331623838623438613334623730343964393031
34316130633734396464343063376265353731313261306530616130396136376531373065323336
62323666613661383461303536373437383266353337643566323437666431383962646537313934
30646262383231363339393938373637366534626463666239373566626666623738343230396633
62613965316463303634343163663935356333323334323666336431303436653764
