$ANSIBLE_VAULT;1.1;AES256
37326538343730353835336631633634393035623539316136346166373332643834336339666665
3863326165333634633164343661376436653434653339660a343733363938396434316666663962
66383731396639363138396538383230313031356235383364313665353838366134643235613836
3962613936373465300a666335303364373165623339623561613438323335663062653161363530
33613035376466643138616336303031396230666434636537613732653838656432343961613634
35306233383037613937336364343831306130363239356531633834363834303337303338323833
39643662313165336135663035363938373134343935396534396661386264373062663863343339
32323262333764623435633539323266386464343133636266636339636637343337643436666134
37646131343739653764653266613332633438306666323731616362666566383539356139663036
34613365363133326362653437366239343230656331393865393937393633643662636337363964
34623139666232663532363432353435323432613661303135336535343534343963313732336635
32623037393238613864646338303232393364633830353466363430633634653563373239653233
38313666333739353864373564393134643066336335356634613661343034363233633161393166
61386530653736336337663133613961663030616363633936636639396563653638376338313338
37653566643566353037366364373930376430333264316561383666316561393137646630336335
31393663376331326131316434663238353936313133323136653264633661613538313533346437
62666266323137386536643137646164393562336165643535336332666462343339383364353062
37623763613532616339306535326436613236366238393766396333356538323039623232386135
35323566396438366638393636646362393737333334316565353731656163653837623663383965
31353738356361353834616462623938373936376232393134373539653938393132386138393039
34633264626563363364333539393065666566386337336264653166383565633635356664653663
30326561386433656261366136343962383536643462353564363732626338313861626634396166
32623535346432653536343061623533656363316636663663336433323766393138313830336665
63623331616130313731613566303034643437303939363061386361383164376630343639356337
64373664383461356139356336346239346139626439303636373930366532666665663833333361
38333965383261313238306265353434363633336462383065623534323931653432653339616235
34653165666335333064656336303634383666326662616366303335363634343761623061623235
37363964373430616539663238393439373535623933366135373161616337313337653531643561
62656532626135366666313664343266313066303763396535343733663265353834643833373737
31646635663364633066353337656263663739633665653537636562306330353835616464663463
63666333313263356135336338353430333332306439376238353630633662333832613838633664
65393062376238326466343839663661643638343965633539613532303263623362383466616331
62613831346263376237326466363034666439326534393730653666613234346631366432396136
64333366383363646136656331616630306564346161633234613564643566383031313239356362
64353439633035356134356166383762333633363639653034646436636664306438633735643639
37666336313839663664633862333032383538333234396135643839353635306661366366343538
66313731353435636332326662313865353938383830653833633566623635383966633935313435
35623063626637306632323835313566666361353432623662653436636238323566653331633536
37656330323438306163376232313065653864333763346636353933663161333235353431346439
37313230383438336463306532306338646537356433613035626166646665626234303163366431
38663661383730323034643338373161343662316566623133316331323636383963666438353135
66313761386562346332373931386233613639643763353738396162306438383664666238313639
39306633326230343231333466313337663530353833613532306431366535316237353230336532
36396132633433326134623461353461346537616639666236616630313763646466633761393731
36383837333439313236326436363130613562373537663231383933636538306135626134333465
36396162663739326639636538326264326333336664356139656632386366363836376263313633
33303430656136343766643862346265663161346433643234383661623962396139366332353235
64326436633139306132653861646132326137666434626261393137333737343464636431323432
62363661363533643236613262613363376233646639393332343335336231646636613032623963
31643033656137303038373335336439303063316365646637613766313763316562663963663231
38393334363731663936663965316365373539626233343665306431636566326435383861613933
65393663663965356566373730383038633638336236343033316330333137643134656262333165
36623939356138366466623933316232376661386637376331336637396561623961633862343361
64366237613233303661373433663337313538333138636430616432626665376438653966636165
38343163333836666465613336313833386361353932376361363435636332383037383166356663
37636661356339303337313362343532613232326266333663353638363765303038653239346465
39343830343564323839386666366431623032353537323532633237353162393634633333373930
64336461323633666538363064356363313934363632633539356234623761386330653364346464
38653165333466623930643839313061376230313435643965653532363061663231643532663864
39636264303333333130656364326630373237306465663238386639616464336135623461373362
35653137383032663531643933303936313836333137616530383335303030333066336563653364
35316533616164383334333038336138613232353461333361346430306438646536313363666365
65653336666661666662323263313566643339636336643732393963393837643535393862376335
34366239386633383663333965356264303166396638303932373563306133616166376632353061
34386266633164383536376332333134653938313535393433363131666531626634363262313639
38333533623661326137343063393661353165626336343739303234623732636263666139363239
64303162326630336437633439636263353939626363333065306435666437303730653530636430
39653461646663626433396538326665623838626230336362343963373634613831373066326461
33616336376262363531646138336538333033653032363932643831313137396166653634646131
36653634626638313237376564633436663730306133356538303333336563663336623031613662
30386562323430316133626334613662656336326463303131316137333965636137383036613836
30326361363232363561366364663332663535333836303766393430366435306662613038363035
64623539353836383366353530653963366465653333376330333262356437373335326339333431
66313638653530303535353932353237373535656666326436333535636463326161353266623164
64356230643166633937373839633633656538326464313662373761376634323033636630306132
37376631616631333833326436383264383539393838306134663563363033363133303364316164
34626637623064373237363666373562646637333537643333373238383633303064353030653832
39326534633838666235393462663733643031663737343731303566313465386332303035383237
66616630343839623439356361396137633237336465343232666261343563646533306639653365
33633831366161656432336662343037306336613735363562316335636163643864363130316263
33336662313030646363393166393666636466343937653337626433386564386136366633353338
35326337653563396666393333303031393562653031653833636362623633356233353832346664
61303561663239623937643337376663303664353664373366356335323861623365343037303564
61353838633138613933343833333237336364313939333034613863303663303233633363396234
36333536396235383466643066626339623666353138633032616564616238636561333464616231
64336438363862306132353235643734383530303166376135363063383463306363313431383139
34333939383532356161353930333533383966376135646437626532386161363466313564633633
66613532383031393638633264363466633865336139663935643237333766643065616535626531
35363266323635313237663435663939306362633335643935613735316434303133346638386535
39303332366362663661313535363361623430646431323838623463313938623439616130663533
30343164393438363263373434646633343564383364656636363035663935316466666537663165
62643635376463376231383335666232316331323535313830303239336431333162326339386631
38356133356537366238633861396430323437663631303939396364663738636134643433393963
65366463333361363636313265353262353961366132343539663763333936303130333431363464
39646536666262356163613165383531306432666137343063663861343436366261326564356365
32613763396665333636643565363063313737616262336464346134623233376132353537633530
63636261653764666462656134656633646663643037316237643161623366343363633066363362
39333461386161343763393535313239323938336636643831643566316335373535333136306534
62306663366363343762313339303339326130653138663433663061356565653766656366623430
38623636376332303834626165653238633631366136346562336561643830333237666631633136
36623736643635393264613439326666376635386565643963663139626365366362613762636362
37653461356532333136313561333038646439653636663963666130313330373965393834623462
39393565633032343530326461306139633337343131303266366538343135613566653533383463
37646266373735373831663332353163373033663231613838313037666435343934396130313438
38636636396632666162326133383835396562636336613133613162613230333436653837346337
37623230366237363632323339313231313364343563366439343230656439656163646633326633
64363934383933353435666637633537363866393934633462643164646633376462383462363336
63393665663963356162623339393336386136323665396664333330356430666434386130333736
38363638613563393639663765643438356663316132393537666134613137356161663639343434
35353033396364353530303830303434363137613061316463383039346639343763643734323365
65396132633061323433303839326462623836396430323137643439303030663934306432323563
36353032633535343164323936303364386430393434376365313330663130646632393434623437
34666363396635373135633531356439346564666633303163643438623266326239646438303230
38333434313633653534383365643533626531656534326562353466373861313337653339616630
64366263613965306161663064643263663031663164313965633165323764633765333138306230
62353834313035383265386336313130376634396436373835396435373863333235636563626162
61613632353833346532616462363638653239646134336464383335633865353431656261313434
62666665633335616263363566663333316661663539383533383639663561313731353730383865
61633165613638623336383634373533306439323736383135343536653436663065343033333330
31663265343333373436383963656531333261343631383938333432383730313630623761653537
32303737343363376331656436306533333761653135336536326531396539616434313565646662
38303165393831383034326339383734643034323864663562373735396362616665666233636335
35663334303032646339643564346233373835656131323964653364316666613137386462313862
66343439333265356339646565333035386534656362376230386232356438303861636438636265
35366235363639306337343132366132326562396364616361323833646132643638356334363232
39626463353130613037396563663931633739356564373936306166636462666334383165623066
32353265326231646433336430363135313363386461336138313932666330393434393964656334
31326464363839383233376366373731613561353531313831393166376461326162356638616239
65613464386339653237396536316331353631653935306539626337633164633763336237666235
30393464616538656334653834363533366638393739316234333430333963633430653861653334
39313638363666643834393631363833636162323464663963623032313535626131336163366339
61343934626561356339393730666263323539336633666461303639326138653539363637316238
30646663323535633264343630303265326332303462366330353035343961313537363331616262
31346561643964636433633536653635316437623439306662613636343166343864393836316162
64643432313935333431343038656339613637666434613361356638386438656332326364393038
66663763323634613163393732326135393434663031633734613631336535383066653831613932
35376234663631336130666561393634323064383063643633653333623532353932356337633538
37653537366266616238396334313632376434333963636162303362396138393036396631363462
35343862356131373565393331366636653561393630356365313637663661623631636463366530
62353432626365636533313863396234633630656162646330373932633165393531393334373131
36616137613037363465373630373563396165613730666266393631656434643863613638336665
38626439646664356162633938313366323637303466646236633931613331313639333361323362
63653935653438343735386437376633356665366364353165663161656435663361363430323338
35396361343362653563663136653437663262373230363131613331653838346634633063383061
36313636366439363239303139663365356331303161616131646434613565386565323433663633
37366661623336653062363931373730346163313865353032666563653662346531613332653966
39623362613331653137383638313462663630656635373030326561383262633735363034303662
34353634333233303336646565303935643963653833306161386333326530613866343032353961
39376162313830643633323638323665363335616163613034313234656236656538383535386333
35386436656133666662316366383930363433616134396237663036616639616631623734333432
64653533363362313239393766303537343237396339626537613131616565636135633339623531
65623537363462656134306561313631353032313937346366353630623934393734663936323536
39366165393337376263656436653938386631616239663861643363626132653935643564653163
36326438373230363830363430353634363938393962373936313539393932666433656566623834
36353262396135306230333362613465373265613034656438303333383963373938343864626230
34623635623631363334323066336337623662303031323236656637613762633862636363613632
33353633323234633533353834386132626262323339363366326132356437633365333332623431
39323334356265353633303439303961393866316236376264366435643839626566366166333764
62626562643637373733386162303563313934316165623330323932616439396339613333663033
63613732613435393839313633383364626534646334363134656264636264333733376231346638
39376235373465323664643831373466343739393838333666663532323736313639373265343634
39306639393534336431376135623961366137333134333431356631373762336133343362333336
30316663613866333737616532343233613466366461343636636432323561626632373864663665
63636265663563373138626263633563653566313061333639383034303935373335396634363838
66356662376366393530333836636565333064343930383135643663633663336463656335663730
38336334636631303638616661393866313762383164353762356334353437646132646630663633
30313937306636356538666436303533643432656666366663363933356365633762393063633965
32386466306136393433336636343063623061363662623866613033626238636438313133613834
32326265626465646461303463636166366433613766663665366230366235353465663536656138
31383131613938383731653163306232363062396563656532336161633534333966373738363932
32336663383638376136363463343861643435333537313130386338353937623839636138333036
32346164346430376366333537333966643931393431626336653232393764393735366535363130
32356363643461366337666466376666376232356631643036626538333631656365366362316237
35373536633131346465643862653065613739613038323238313836373365636163653833333839
346363306139616635383131656539386263
