$ANSIBLE_VAULT;1.1;AES256
33616461656432343535363536326331343133303237306232343830313236636334383466653861
6434303464333266383761346365636635316530323834380a363037386464656164383865316635
30643334616132376464393863333136376562396239643830313736666331363839323937323835
3661306261656465380a656434333137393733326134656335626638396239633835623562633332
35656534653337643638613731616335396163303831613438663432643864363562333033306230
65323464663733363564633365386136623737633165316133323939376336383231633338313862
38343031356333623033316635636161653035336334656263313730303030643364396638326564
39313835636539323732623236363032343232326539646162343935383432666532303534313132
65363734616133303730346664353232313839663134363063663133366339356635366132643234
31303361333537656630346431326434366235313536623862393132386237636438623236336330
64646332613633353733336337626334366463663066306236666534323661653461303533333332
62376164396139373136373338396166363963353734353839313537616630363735323033396630
31356138643062643731306639393835313933643464623965333764303862336662396366393433
64643734376266383938623034303935326135663431356466613366326630333630393331346465
65383230376139313864316633323765326130656130626238663866356336303232393032363661
36306537666664633833363066383035333065353936373636336563353739336134656431666666
65356630386230373164653136616537303033636662356365663936336261323232393630633434
63656434633231636136613136646666626236303465373065303432343664386262616136373563
36656138653936653535316463383961643736656434646139386163343966643530336637393533
34386165623531646432306635363161363039323236306632656563623364313161636434646565
62326562323035373362356333646531656539353766663130613632323562393235376161653734
61386564343763356332353430613566626435303665616339393934393832343663383666626432
32646161353930663239353638323566646164613264643138373933373462633937616134333731
37376130353934343931373235303130323661373937393932666566383731613737636462326233
35363633353638396339636238663365616339383161363365646363663962366132623061303630
39613061346235633566323931363337636134626436653338623562363835636462383236633235
34353839646364383161383766303733356438333166663831373133313365653230643435323633
64313234343863656138316237376561393566393362316562643137633566323239653235623630
66363634626238373335653730363038383337636265393433316161393565313364303038623864
61313265633539663134383566626232373735333135646665306136376165666465646562616564
30383239393339383431626665366632303335653163396639373432326262313963363738323730
30386539333333373763363737393164383331643466663265643732373435383234623866373833
39623537613335313639313863663031373563383762346531653961646565356438363632373365
31623832326663666664643037666430343764383166633937623636643662633466386263663737
64393365393438346532346231316434303364666534396461653134383439383365366263386133
33353963313338323831333463373431376664336562653664323963633564303934326130646166
33663232623461613638653139306636376438316230323434303062323463326265313636616131
33613661323863356136336461306236383961663661366464656136346232313363326463353938
36376333363438393837633430323264626562353732653034396336376161633430333663656230
30376635643235643761316338633031376564313037383164336137646635323632663465343462
66373962336337643133316163326233383235336262333634623637613461303362666634343332
3761343233373138386338613830653263643136393039383232
