$ANSIBLE_VAULT;1.1;AES256
65363936393030663266386464646263373338636530303361366266656564616266613731636261
6261333938343437623737303731633136383961636135350a313931383436303534656235306162
36396363383735633234636430653738323134383564373434316633333635343364363232313363
6238336662656565390a393933623563373335303534613438393530343664343633313035623762
65303533366162366631396335653434353865383865393263366164383730643837373234383066
65643339646238343538656432623936313862346162373331306461383030393663303437366439
35356464336161313236646364383965386163376436653433343833663038386135303339303136
31366263626636613230616265306162643262323635376136313433613537356362306565316563
38303030376539306435323430656336626462383065623436393561383264653434613031373831
34386539633239313435396236343639643132666232646632646332343137316166656138343931
32303961316364346333386630316630303063363233656161373665663661653836323133643861
62383235383132383534323231323261336535373633623565376639653061353031623762656566
31616131383930386336303137306130633563636364323737306538393139336230363461303761
33313339626331353735383333343933663130366339626463636636306563376133343864333361
33353139356466613539633032343962623037323166373534633638666139616664343366626136
64353433633164306666333262336466613436633861653830313431356565623064613633353462
38383137616435373165326664373064376436633466333233383165393439333865346639393235
64383437643761393036626565346561646361666463363930383865306266663265653131666135
62376366663632393765323437356464643166623630373532343066306335306231363536373264
37373233336663326636303065663234346164656134626635666235393362333062356264303137
66616337666634313232313433636663633166633361623533336638376231613134363865376330
39323434643062616533623933643730623036336262326638336262613838663265613036313731
62386463653663356431316562346230323466646334653163636233363531376235383331353962
30323862613766643438303335616261333439666365363363643364373335643733306438626234
31636230396164616139656234653632636237616162656164633062646665613863393264343733
37366664623962336530366538326136393030653638653962386261326430303935653831623839
35363864376266323737343334313435326665393762366334656533643462656263353635323635
30343131356635656637396461316338313831646238613963316361353631663061393139333562
61633839306665323730653530303732613966356565333932393863336539633534386566616333
32646664616236623632343735653732316439373037376164633266376461303630666331393762
30656137313261363364323764363763616132653334363337373337636664373365643665623130
63626133356630313335376637316562356635663030366365383461623136333563366435666164
63363937383737623538306436306561393037373135643733643863343533373735386532383265
32333830643863663834346434636133316231653030613430623330383566323036396564663666
36303161326335656530343833636536663466353963393337366664613165313662343766396361
39383231313461313264323132323036343061633939373339636532613031663832643564383963
35656666313064376431373961633939333664623936636265653566393163373134333234313235
39306662353764613837663961323836666664393331626664343330343334643566663638346238
33313933363932363765633864316166353731626464633763306232623264326230616333373131
39313530663264336533626433383862306565643761356138613663383466643831393461656430
39646339383935366462336238613166323763643166313465393662306463376463323264333363
3666313537356135383931373065613163623566663961663664
