$ANSIBLE_VAULT;1.1;AES256
65376166343962646433316166356431376130373034386664663636356631393130616564363764
3337333237316163303564313766626133326665396231340a663861376234343233636332643936
61383733393733643436353066386638303664303661643137393565306561363831343564663531
3161376334616437310a333639386266353134316639366466626530306334656333336561323764
65363165663837363132636261323561656265663961353531356535626263303635383464613239
31633932353064633365383030656230623434343361383739363833343037316439656137343961
65393661613933326535333664666665656635646536666439393664623638356366616233333661
64363439616436663161343832653765373934623563386531376635623331633738316334613939
64393033613734323739383736343838333831316537656432623736643735366534633565343835
31663230353866303536623465333539306130393164616634646638386331376165323536373661
30663731653535323432303739633563326430343263653062346663366263623238353466386633
34613766623635396664656236643761336163626566653231623038336661656331376439386636
35303461623264303239646430393538653065653163346363363738386163623235343061326132
31623230363932633466616437313161663137323239393861653565653938383430613732663166
31663136373032343365326563616236363632363838666262373230656166373865306131323466
39613132663738323830646639313362666532646632623935313265613332656233303430333261
61623864333132633764326362396662383035373064666638636266386366396433646435396130
39633830373964613835313032643239386534373135333133353130653733623930363466343063
36343330396266643634323262616565633432303530343832343666336363376464313161633764
65343866656633316537663461626237306462356131636231353134613336633966336232336232
63373330633138336538323163333932623535376635633833656234396437616566623363396366
38323736386633383363633562303230306164323333356230313666623933623032343431346231
65643433386639663466356135376535386365653861383031623139646461663934373532653932
35326634633862623532363764333766376561366435316635333732653431376435396634616436
35346633623761306136616134616539373966633563393664393138383163386434623331316633
36303738356635396137356539373638613266336534376632633635373363303035303537353435
38663636333764386265306234626364616262303330323739643465623366303262646630376432
39363463326637346264366437663961306265363430393864326239373161323464326564613032
31356464633665343637636334663265323765346366343533643136376232313864333833633439
35303936323830616138386162303364313963623938643961343662666132363733646163623136
34383966613866383631356331623939336435626336633763326261663837666265613138663465
33643933326530376630333937333136313338663135313135626664663861343665333830653733
36633662396631376462383931343634393065653433303634306237386564393436343363643663
61323837656565313434346239653262663937333264313936633662316139633536636438623939
35366632316536613965623062356166623162336530303163386639663930356363616133386366
62666666323438663439343734393630386665313534316565353361623339656233363334336534
65376665633730613134363863306162633966626266373332653130633135343062656439623061
64336235376636336238316564353761353264393438366336666137393239386663613264363263
62353730633237643637656164366365663364316133306165663361656566383861383164626235
37303137366535323837363131313436316434346134386134373766663530353936376262643761
35326136336465303236313064663238663133353339386238633963663635346661643263653937
34383337383065313663663464373530633766323734353534626536383261643465306637313938
66636238643239313237343139656566663561623266383864623761623332386261383531303362
62626466303866383061343566636366663764636137643032616666343463333830383164643234
65356161363863383334623264306637323565636436393232613964363537353939616137343466
30633638613437623130356635313438396135393431636332633237393839656334656263373062
65623461376133363034623431313639373139383134336235613936333837356466323836636135
31316261306566346166376630373338323462343238333338393130323737613633656534646338
3134
